1.59858419247,218.450755558,92.9312043152,-18.4135714388,257.997317814,59.8930088637,0.053805934691,-0.842811441275,0.0421765326342,-38.8275884326,0.0183756681954,0.0613923757897,0.0952021140163,-39.0282074003,121.731643252,0.10648096766,0.622396366796,0.720810572333,1.98822050972,-0.0485232686302,-0.0179725562171,0.150123875177,1.57985972322,0.96154642222,-0.169901571723,-0.44817520805,-0.284711466581,2.612
1.25472028244,200.924127189,83.3959726781,-20.3468098294,231.980997845,51.8900972134,0.0444018945061,-0.912562949669,0.0477776544572,-40.5274736275,0.0163082867837,0.0555048471608,0.073556180106,-34.3485422787,137.643087249,0.1203891948,0.5414866564,0.661294621758,1.94863037537,-0.0527895956072,-0.0185535961815,0.193200254053,1.28269236467,0.867289149252,-0.197505295025,-0.34950259092,-0.296924593662,5.576
1.58168352379,174.338647304,85.7380754637,-18.7714300862,224.107819722,65.0469453253,0.0581015490378,-0.883033757479,0.0533460170956,-41.6138508474,0.0225930606938,0.0500440669145,0.065336100814,-29.1693787607,174.02714204,0.112151868459,0.50417665649,0.695107169564,1.52519451191,-0.0552579421837,-0.0199645965419,0.151479550467,1.28925881104,0.842509066081,-0.234460556895,-0.485861882369,-0.256845105477,2.127
1.26427799081,163.68482825,96.9781451822,-18.4979687241,192.588255649,72.1489750997,0.0593848465856,-0.733493755595,0.0455342706104,-39.5079593609,0.0197398064727,0.0551444755881,0.0824229594812,-31.1426559615,120.067549379,0.114856265495,0.692938535985,0.561468859153,1.73055559695,-0.0554705056807,-0.0147616598811,0.171610326804,1.1452710925,0.806656363078,-0.171876133227,-0.428142104943,-0.296512417527,1.469
1.33990844741,176.740359863,88.6599417882,-17.8246640645,270.198353676,58.3351134792,0.0448106107871,-0.776085091417,0.0469342520684,-50.1014922024,0.0160452158991,0.0500151641128,0.0787859570694,-35.4995256567,173.080457526,0.11853479317,0.551523569956,0.658289155666,1.77370679322,-0.0523459304095,-0.0201608923042,0.150843334156,1.50287647254,0.801887264678,-0.235366302908,-0.357162780661,-0.297348387841,1.755
1.49845075197,154.762445868,106.855084971,-19.4978309076,212.159116353,66.9135864377,0.0544392507682,-0.734818593839,0.0505504712966,-56.0176801495,0.0218563693737,0.0505746490783,0.0928496833425,-32.9707790817,138.138902886,0.107742301685,0.693906172965,0.722780408987,1.90085160095,-0.072146011038,-0.0144669358314,0.153205091633,1.40926675114,0.83082088408,-0.207892305464,-0.479292127533,-0.268849632682,3.137
1.59622755291,196.679562072,84.5591552114,-19.8519406926,236.618714738,64.385791589,0.0456826932819,-0.889329151983,0.044275687037,-56.0952225296,0.0177366893866,0.0634941777244,0.0852955148885,-36.0699427073,148.260472064,0.125592124791,0.540132484919,0.780291108136,1.95193407333,-0.0516030015424,-0.020910536158,0.16626493302,1.13921592672,0.99700626797,-0.165387378923,-0.391112843907,-0.297865429564,3.29
-16.3622012062,-142.697433709,-39.8406288407,151.32154264,20.9992879113,61.810934502,6.32058978573,-5.66609590187,-3.05773902679,-2.27151249093,6.15752920444,-7.20931820733,7.11517825542,-0.221828061661,-0.129682164383,12.5009771048,6.4248470717,2.70963554343,-1.0
-19.7786762298,-93.5808902746,-75.4766870843,62.8525624243,26.0266555564,80.0123389102,6.67863626755,-14.7823884871,-3.70162225517,-1.929463305,3.91774725625,-11.8555332399,4.18069568731,-0.227043011089,-0.081218285274,12.7948617263,6.48126137774,2.00925855465,3.164
-21.0331958849,-237.588963192,-73.9572562151,222.842992397,22.5872334504,64.3425220279,4.01005070125,-6.57862848952,-2.10776803491,-0.865376781293,4.72232669057,-6.03936491412,3.58075056461,-0.24953666446,-0.14441546727,12.2014158262,5.13515275487,2.59589634898,-100.0
-11.0243623202,-193.671035613,-41.1546568183,142.513255566,44.6332814498,55.1913199999,5.84786969702,-8.70926758084,-3.49309999295,-1.88695669389,5.88445373626,-5.24488038891,7.12130209016,-0.277528443561,-0.0900762770533,7.96569575582,3.2887512827,2.63192457158,-1.0
-25.6028378079,-221.882822428,-95.4306190172,95.3304332667,21.5318967608,100.732506283,4.34036300337,-7.30551793925,-4.09828948478,-1.99539897196,5.16249583857,-8.75904562951,4.964759561,-0.114821194352,-0.134423110652,12.8052688313,2.21024235788,1.45489471959,-100.0
-17.0254290883,-117.604235909,-76.4760578178,154.265345771,44.2912480862,60.5031165797,8.45404426522,-11.5581277431,-5.40899311389,-2.01188683996,4.93231944026,-11.6505478038,3.24283031328,-0.253315825221,-0.0671904436205,6.79066820536,6.61476990728,1.02769343974,-100.0
-11.796810046,-147.204651652,-50.714973863,165.197734758,48.7640955,33.095197286,5.52444229166,-10.2794008776,-4.36866895965,-1.65740372732,2.86508255348,-9.7237188568,5.43623350584,-0.0925221745343,-0.0938946497597,9.67486030319,6.84655325611,1.89680452646,-100.0
-24.4039669816,-173.080216283,-86.6698889594,88.590092351,25.6087933023,54.3406792343,4.79259169266,-5.03682815541,-2.3792087379,-0.793976578911,5.88722445976,-7.84399824789,6.19436980166,-0.122123890015,-0.0706148762641,9.91732003697,6.10629002249,2.6835837782,-30.7
-31.6257754999,-134.269728715,-37.7766640288,202.152397376,24.1041854974,50.5852475376,6.0501122007,-12.3227113171,-3.30941720201,-1.92026921744,4.17473169741,-8.49788554994,2.84775389618,-0.305560341445,-0.126132095898,4.13355891794,3.0018642906,1.88949874837,-100.0
-18.6993545927,-231.345575576,-89.54908727,105.517222622,44.0264030247,110.690432574,4.15976267845,-4.74513406704,-3.53022593512,-2.39386062902,9.29937861604,-9.80006859927,7.08773460759,-0.0977046146725,-0.0450429306935,7.06949735598,2.98346205162,1.27633149061,-1.0
-25.9482517801,-218.023014301,-95.8049481635,136.493303627,28.5370053363,83.8215189987,4.54902162157,-9.60864046143,-5.04694094807,-0.777198945673,3.71767397414,-3.62196466805,3.40101328527,-0.278471409289,-0.114733833386,8.90655618232,2.07705007489,0.967571733796,-100.0
-23.0536523257,-188.249170213,-43.6737296149,94.2106325317,17.7428689513,36.3211068764,7.70574489646,-11.1443153144,-3.44235172027,-0.893985174451,5.88447273834,-4.08697536609,5.01546198708,-0.135508754576,-0.0951677190518,7.82991065362,6.92412253429,2.61184781372,-0.244
-22.3614460169,-211.789307298,-84.9928961504,189.401820044,30.2286195847,88.6995576293,7.91065242631,-9.21269518265,-2.03146192276,-2.4107007429,6.06803275496,-7.20454647841,4.19794805538,-0.110542222059,-0.0734619120729,5.07680434765,3.64717335697,2.45668331396,-100.0
-20.2099420692,-233.094884918,-28.4815079134,135.405964984,22.5222841911,90.0357256805,9.86290789611,-8.11339443924,-3.1297053887,-1.85563862155,9.00269852673,-6.731736813,3.17403513503,-0.258845466555,-0.112971510104,6.51173354303,2.06720105864,2.40949271085,-100.0
-25.5753385568,-147.528285674,-62.405924456,129.805158459,46.884388333,100.407003829,3.62121373102,-9.98031812805,-5.63081935326,-0.841004837006,4.93651611928,-10.3265551429,3.76245220458,-0.148875682817,-0.100295669805,4.12315157363,4.59428242095,0.995682227079,4.479
-19.515373203,-203.03702986,-57.2605535792,165.487755169,18.3577077987,63.4743360945,8.26659219962,-14.0223475613,-4.01466063934,-1.69034504739,4.21739677071,-4.0032766934,5.47076213235,-0.187216417251,-0.060790054939,7.99438343479,5.42503627818,2.06197367141,-0.458
-27.1254206956,-112.464520731,-63.2515399732,76.6514893797,38.8528948665,95.8381440269,5.81568659583,-5.48481301279,-5.2189598545,-1.48591723036,3.23319036844,-5.00332723269,2.97753875448,-0.311919480861,-0.0637117106732,7.65234397096,6.46288325352,1.52064591501,-100.0
-9.12692114494,-78.650721504,-36.3983626848,184.196198455,26.6889963979,56.4041176153,9.85741458565,-11.0914635619,-5.44483565265,-1.86073055012,2.64408873446,-5.29380413237,4.67383309001,-0.145208058705,-0.104212042266,5.54402325653,3.17144655886,2.29147107899,0.866
-23.4123587941,-73.9064242829,-56.0576653198,77.2427438362,22.777210261,53.8612010362,7.2172343277,-7.15543153458,-3.01200732629,-0.804721064317,8.16957452223,-9.11619708291,5.00867308054,-0.18747595514,-0.158325913946,5.11500318855,2.92738322567,0.933545925242,-100.0
-28.7813202678,-94.7781206043,-52.2827054765,151.68682114,22.5598911736,75.8883111465,5.90348023875,-9.48252816497,-5.58488602678,-2.21487766564,3.06342418745,-9.63120078556,2.42807834161,-0.324945427926,-0.105783388982,4.64866207751,6.67973275198,1.20843269189,-100.0
-13.7385043378,-155.041591713,-86.6168001413,58.8104602933,48.9406259545,52.3406549903,3.19128143674,-7.28096574992,-3.91040051422,-2.35439643277,4.51609337507,-11.3830178214,5.14477555755,-0.0867899424897,-0.0954441817696,8.55535423622,2.20175067434,0.966912808552,-100.0
1.24351806729,219.544100205,112.226608491,-15.5685257454,263.232066197,52.8848706319,0.0576557967088,-0.713063858768,0.0383626974625,-41.889628849,0.0191457103263,0.0561391734232,0.0717340343514,-41.8071387587,151.39619371,0.10159963323,0.546673141072,0.677405315751,1.80180790639,-0.0572095976503,-0.0188690358656,0.200113580121,1.46147574589,0.727082438082,-0.221572498184,-0.439063216205,-0.245012204977,-100.0
